count_clusters(mov, pos, ori)
(18, 17, 26)
-1.918554547474376
4.130101715071531
1.403728693446758
6.500148984987838
-3.5143419364326047
15.856495640943406
0.5919052046059825
-0.5577847846514863
-16.522491810651307
-2.677012498836283
8.107846343514417
5.189161602928921
2.2781934745436105
10.766648317841709
-1.2122948622827798
-10.283429927890465
3.192534957262822
-5.2767948766008
0.5362902294978014
4.38437069409336
6.209769104190257
3.0723197283642905
1.507893030211023
4.970912901939758
0.2506937516214198
3.516390792419748
2.5314692822174703
5.927176677724018
2.8470160412494585
0.9626340636409396
5.512214361567304
0.057557615603350154
3.2725223787862765
2.0732260097387756
3.8749545858415875
6.275526357795773
0.04293366646757413
2.5547641028341066
6.187303261474905
0.2699655052642469
5.833478022209876
1.1241410334473594
0.007873682805601856
0.09259180848464865
6.240177757245053
5.997677173843127
4.218685502593777
0.12958089881672796
0.4167888757051581
5.007434622501588
6.259249753404886
6.092051878653924
5.537749984409196
0.024411999868858114
1.7312940104399916
0.18364379681537235
0.06492771860888569
3.375933982118112
6.1486695679432755
6.216575799850387
0.6773920852638504
